SA(0.3s) [g],Loss_ratio
0.05000000000000001,6.678955948580256e-07
0.056172467201025755,1.5981974265166789e-06
0.06310692142900626,3.67853401480045e-06
0.07089742948257126,8.14541408412639e-06
0.07964967064493539,1.7355087789100444e-05
0.08948237023750269,3.558840873360003e-05
0.10052891014472326,7.025309015997739e-05
0.11293913815718663,0.0001335432082544552
0.1268814006769336,0.0002445252742169002
0.14254482635890514,0.0004314640418484006
0.16014189166643014,0.0007339937842744672
0.17991130314285533,0.001204535627733211
0.2021212354977168,0.0019082559779595946
0.2270729694325259,0.0029209793196419975
0.2551049785537617,0.004324917512224808
0.28659752081259104,0.0062028816267586774
0.3219777967548112,0.008632681807836412
0.36172574455336326,0.011684409001064473
0.4063805504338082,0.015423822907030078
0.45654796280755766,0.019924738753901668
0.5129085093300529,0.025291873757971067
0.5762267283493882,0.03169315159514122
0.6473615399712076,0.03939739093561231
0.7272778974247632,0.04881031102444764
0.8170598767824696,0.060499644360871685
0.9179253825967483,0.07519950041553747
1.0312426689380967,0.09378536003701929
1.1585488999444697,0.11721429205308877
1.3015710016583038,0.14643001386093635
1.4622490880091454,0.18223886932427627
1.6427627787184707,0.22516995094303793
1.8455607661325835,0.27533926737522796
2.0733940320616497,0.33234236784368354
2.329353165215711,0.39520025251807334
2.6169102854537,0.462378182521506
2.9399661435534976,0.5318858501672936
3.3029030354176987,0.6014518679498566
3.710644248503383,0.6687491802340878
4.168720846874621,0.7316353410768637
4.683346700825936,0.7883666999043089
5.261502778863538,0.8377503768619836
5.911031845476362,0.8792114641323248
6.64074484928479,0.9127713476864874
7.4605404447366075,0.9389511486689963
8.381539268677866,0.9586272064153695
9.416234793278331,0.9728704723648784
10.578662801651687,0.9827985962593542
11.884591785129816,0.9894606509927313
13.351736844955687,0.9937633352266823
15.0,0.9964374268288145
